{"results": {"age": {"age": 1.0, "annual_income": 0.04352419356203271, "purchase_frequency": 0.007300862994867624, "average_order_value": -0.01384807592608085, "customer_lifetime_value": 0.04364959454549548, "satisfaction_rating": 0.026948781371544647}, "annual_income": {"age": 0.04352419356203271, "annual_income": 1.0, "purchase_frequency": -0.028124509532388788, "average_order_value": 0.0436635331532712, "customer_lifetime_value": -0.06773071230521922, "satisfaction_rating": 0.006583143399342013}, "purchase_frequency": {"age": 0.007300862994867624, "annual_income": -0.028124509532388788, "purchase_frequency": 1.0, "average_order_value": -0.0264995501938539, "customer_lifetime_value": 0.01315708776698507, "satisfaction_rating": 0.042923036450190646}, "average_order_value": {"age": -0.01384807592608085, "annual_income": 0.0436635331532712, "purchase_frequency": -0.0264995501938539, "average_order_value": 1.0, "customer_lifetime_value": -0.023240054080379154, "satisfaction_rating": 0.010539337023489165}, "customer_lifetime_value": {"age": 0.04364959454549548, "annual_income": -0.06773071230521922, "purchase_frequency": 0.01315708776698507, "average_order_value": -0.023240054080379154, "customer_lifetime_value": 1.0, "satisfaction_rating": -0.02123056531182627}, "satisfaction_rating": {"age": 0.026948781371544647, "annual_income": 0.006583143399342013, "purchase_frequency": 0.042923036450190646, "average_order_value": 0.010539337023489165, "customer_lifetime_value": -0.02123056531182627, "satisfaction_rating": 1.0}}, "insights": [1.0, 0.04352419356203271, 0.007300862994867624, -0.01384807592608085, 0.04364959454549548, 0.026948781371544647, 0.04352419356203271, 1.0, -0.028124509532388788, 0.0436635331532712, -0.06773071230521922, 0.006583143399342013, 0.007300862994867624, -0.028124509532388788, 1.0, -0.0264995501938539, 0.01315708776698507, 0.042923036450190646, -0.01384807592608085, 0.0436635331532712, -0.0264995501938539, 1.0, -0.023240054080379154, 0.010539337023489165, 0.04364959454549548, -0.06773071230521922, 0.01315708776698507, -0.023240054080379154, 1.0, -0.02123056531182627, 0.026948781371544647, 0.006583143399342013, 0.042923036450190646, 0.010539337023489165, -0.02123056531182627, 1.0], "summary": "Correlation matrices calculated between numerical variables."}